colvarsTrajFrequency    1000

colvar {
  name distz

  width 0.1

  distanceZ {
     main {
     atomNumbers { 27079 27080 27081 }
     }
     ref {
     atomNumbers { 2 3 4 5 8 11 14 17 20 23 26 29 32 35 38 41 44 47 50 53 56 59 62 65 68 71 76 77 78 79 82 85 88 91 94 97 100 103 106 109 112 115 118 121 124 127 130 133 136 139 142 145 149 151 154 156 158 160 162 164 166 169 172 175 178 181 184 187 190 193 196 199 202 206 207 208 211 214 217 220 223 226 229 232 235 238 241 244 247 250 253 256 259 262 265 268 271 274 279 280 281 282 285 288 291 294 297 300 303 306 309 312 315 318 321 324 327 330 333 336 339 342 345 348 352 354 356 359 360 362 365 367 369 372 375 377 378 382 385 388 390 391 395 398 401 403 407 410 413 416 418 422 426 428 430 433 434 436 439 441 443 446 449 451 452 456 459 462 464 465 469 472 475 477 481 484 487 490 492 496 500 502 505 507 509 511 513 515 517 520 523 526 529 532 535 538 541 544 547 550 553 557 558 559 562 565 568 571 574 577 580 583 586 589 592 595 598 601 604 607 610 613 616 619 622 625 629 631 633 636 637 639 642 644 646 649 652 654 655 659 662 665 667 668 672 675 678 680 684 687 690 693 695 699 703 705 707 710 711 713 716 718 720 723 726 728 729 733 736 739 741 742 746 749 752 754 758 761 764 767 769 773 778 779 780 781 784 787 790 793 796 799 802 805 808 811 814 817 820 823 826 829 832 835 838 841 844 847 851 853 856 858 860 862 864 866 868 871 874 877 880 883 886 889 892 895 898 901 904 908 909 910 913 916 919 922 925 928 931 934 937 940 943 946 949 952 955 958 961 964 967 970 973 976 980 982 985 987 989 991 993 995 997 1000 1003 1006 1009 1012 1015 1018 1021 1024 1027 1030 1033 1037 1038 1039 1042 1045 1048 1051 1054 1057 1060 1063 1066 1069 1072 1075 1078 1081 1084 1087 1090 1093 1096 1099 1102 1105 1110 1111 1112 1113 1116 1119 1122 1125 1128 1131 1134 1137 1140 1143 1146 1149 1152 1155 1158 1161 1164 1167 1170 1173 1176 1179 1184 1185 1186 1187 1190 1193 1196 1199 1202 1205 1208 1211 1214 1217 1220 1223 1226 1229 1232 1235 1238 1241 1244 1247 1250 1253 1257 1259 1262 1264 1266 1268 1270 1272 1274 1277 1280 1283 1286 1289 1292 1295 1298 1301 1304 1307 1310 1314 1315 1316 1319 1322 1325 1328 1331 1334 1337 1340 1343 1346 1349 1352 1355 1358 1361 1364 1367 1370 1373 1376 1379 1382 1386 1388 1391 1393 1395 1397 1399 1401 1403 1406 1409 1412 1415 1418 1421 1424 1427 1430 1433 1436 1439 1443 1444 1445 1448 1451 1454 1457 1460 1463 1466 1469 1472 1475 1478 1481 1484 1487 1490 1493 1496 1499 1502 1505 1508 1511 1516 1517 1518 1519 1522 1525 1528 1531 1534 1537 1540 1543 1546 1549 1552 1555 1558 1561 1564 1567 1570 1573 1576 1579 1582 1585 1589 1591 1593 1596 1597 1599 1602 1604 1606 1609 1612 1614 1615 1619 1622 1625 1627 1628 1632 1635 1638 1640 1644 1647 1650 1653 1655 1659 1664 1665 1666 1667 1670 1673 1676 1679 1682 1685 1688 1691 1694 1697 1700 1703 1706 1709 1712 1715 1718 1721 1724 1727 1730 1733 1737 1739 1741 1744 1745 1747 1750 1752 1754 1757 1760 1762 1763 1767 1770 1773 1775 1776 1780 1783 1786 1788 1792 1795 1798 1801 1803 1807 1811 1813 1815 1818 1819 1821 1824 1826 1828 1831 1834 1836 1837 1841 1844 1847 1849 1850 1854 1857 1860 1862 1866 1869 1872 1875 1877 1881 1885 1887 1889 1892 1893 1895 1898 1900 1902 1905 1908 1910 1911 1915 1918 1921 1923 1924 1928 1931 1934 1936 1940 1943 1946 1949 1951 1955 1959 1961 1964 1966 1968 1970 1972 1974 1976 1979 1982 1985 1988 1991 1994 1997 2000 2003 2006 2009 2012 2016 2017 2018 2021 2024 2027 2030 2033 2036 2039 2042 2045 2048 2051 2054 2057 2060 2063 2066 2069 2072 2075 2078 2081 2084 2088 2090 2093 2095 2097 2099 2101 2103 2105 2108 2111 2114 2117 2120 2123 2126 2129 2132 2135 2138 2141 2145 2146 2147 2150 2153 2156 2159 2162 2165 2168 2171 2174 2177 2180 2183 2186 2189 2192 2195 2198 2201 2204 2207 2210 2213 2217 2219 2222 2224 2226 2228 2230 2232 2234 2237 2240 2243 2246 2249 2252 2255 2258 2261 2264 2267 2270 2274 2275 2276 2279 2282 2285 2288 2291 2294 2297 2300 2303 2306 2309 2312 2315 2318 2321 2324 2327 2330 2333 2336 2339 2342 2347 2348 2349 2350 2353 2356 2359 2362 2365 2368 2371 2374 2377 2380 2383 2386 2389 2392 2395 2398 2401 2404 2407 2410 2413 2416 2420 2422 2425 2427 2429 2431 2433 2435 2437 2440 2443 2446 2449 2452 2455 2458 2461 2464 2467 2470 2473 2477 2478 2479 2482 2485 2488 2491 2494 2497 2500 2503 2506 2509 2512 2515 2518 2521 2524 2527 2530 2533 2536 2539 2542 2545 2549 2551 2553 2556 2557 2559 2562 2564 2566 2569 2572 2574 2575 2579 2582 2585 2587 2588 2592 2595 2598 2600 2604 2607 2610 2613 2615 2619 2623 2625 2627 2630 2631 2633 2636 2638 2640 2643 2646 2648 2649 2653 2656 2659 2661 2662 2666 2669 2672 2674 2678 2681 2684 2687 2689 2693 2697 2699 2701 2704 2705 2707 2710 2712 2714 2717 2720 2722 2723 2727 2730 2733 2735 2736 2740 2743 2746 2748 2752 2755 2758 2761 2763 2767 2771 2773 2775 2778 2779 2781 2784 2786 2788 2791 2794 2796 2797 2801 2804 2807 2809 2810 2814 2817 2820 2822 2826 2829 2832 2835 2837 2841 2845 2847 2849 2852 2853 2855 2858 2860 2862 2865 2868 2870 2871 2875 2878 2881 2883 2884 2888 2891 2894 2896 2900 2903 2906 2909 2911 2915 2919 2921 2923 2926 2927 2929 2932 2934 2936 2939 2942 2944 2945 2949 2952 2955 2957 2958 2962 2965 2968 2970 2974 2977 2980 2983 2985 2989 2993 2995 2998 3000 3002 3004 3006 3008 3010 3013 3016 3019 3022 3025 3028 3031 3034 3037 3040 3043 3046 3050 3051 3052 3055 3058 3061 3064 3067 3070 3073 3076 3079 3082 3085 3088 3091 3094 3097 3100 3103 3106 3109 3112 3115 3118 3122 3124 3127 3129 3131 3133 3135 3137 3139 3142 3145 3148 3151 3154 3157 3160 3163 3166 3169 3172 3175 3179 3180 3181 3184 3187 3190 3193 3196 3199 3202 3205 3208 3211 3214 3217 3220 3223 3226 3229 3232 3235 3238 3241 3244 3247 3251 3253 3256 3258 3260 3262 3264 3266 3268 3271 3274 3277 3280 3283 3286 3289 3292 3295 3298 3301 3304 3308 3309 3310 3313 3316 3319 3322 3325 3328 3331 3334 3337 3340 3343 3346 3349 3352 3355 3358 3361 3364 3367 3370 3373 3376 3380 3382 3384 3387 3388 3390 3393 3395 3397 3400 3403 3405 3406 3410 3413 3416 3418 3419 3423 3426 3429 3431 3435 3438 3441 3444 3446 3450 3455 3456 3457 3458 3461 3464 3467 3470 3473 3476 3479 3482 3485 3488 3491 3494 3497 3500 3503 3506 3509 3512 3515 3518 3521 3524 3528 3530 3533 3535 3537 3539 3541 3543 3545 3548 3551 3554 3557 3560 3563 3566 3569 3572 3575 3578 3581 3585 3586 3587 3590 3593 3596 3599 3602 3605 3608 3611 3614 3617 3620 3623 3626 3629 3632 3635 3638 3641 3644 3647 3650 3653 3658 3659 3660 3661 3664 3667 3670 3673 3676 3679 3682 3685 3688 3691 3694 3697 3700 3703 3706 3709 3712 3715 3718 3721 3724 3727 3732 3733 3734 3735 3738 3741 3744 3747 3750 3753 3756 3759 3762 3765 3768 3771 3774 3777 3780 3783 3786 3789 3792 3795 3798 3801 3805 3807 3809 3812 3813 3815 3818 3820 3822 3825 3828 3830 3831 3835 3838 3841 3843 3844 3848 3851 3854 3856 3860 3863 3866 3869 3871 3875 3879 3881 3883 3886 3887 3889 3892 3894 3896 3899 3902 3904 3905 3909 3912 3915 3917 3918 3922 3925 3928 3930 3934 3937 3940 3943 3945 3949 3953 3955 3957 3960 3961 3963 3966 3968 3970 3973 3976 3978 3979 3983 3986 3989 3991 3992 3996 3999 4002 4004 4008 4011 4014 4017 4019 4023 4028 4029 4030 4031 4034 4037 4040 4043 4046 4049 4052 4055 4058 4061 4064 4067 4070 4073 4076 4079 4082 4085 4088 4091 4094 4097 4101 4103 4105 4108 4109 4111 4114 4116 4118 4121 4124 4126 4127 4131 4134 4137 4139 4140 4144 4147 4150 4152 4156 4159 4162 4165 4167 4171 4175 4177 4180 4182 4184 4186 4188 4190 4192 4195 4198 4201 4204 4207 4210 4213 4216 4219 4222 4225 4228 4232 4233 4234 4237 4240 4243 4246 4249 4252 4255 4258 4261 4264 4267 4270 4273 4276 4279 4282 4285 4288 4291 4294 4297 4300 4305 4306 4307 4308 4311 4314 4317 4320 4323 4326 4329 4332 4335 4338 4341 4344 4347 4350 4353 4356 4359 4362 4365 4368 4371 4374 4378 4380 4383 4385 4387 4389 4391 4393 4395 4398 4401 4404 4407 4410 4413 4416 4419 4422 4425 4428 4431 4435 4436 4437 4440 4443 4446 4449 4452 4455 4458 4461 4464 4467 4470 4473 4476 4479 4482 4485 4488 4491 4494 4497 4500 4503 4508 4509 4510 4511 4514 4517 4520 4523 4526 4529 4532 4535 4538 4541 4544 4547 4550 4553 4556 4559 4562 4565 4568 4571 4574 4577 4582 4583 4584 4585 4588 4591 4594 4597 4600 4603 4606 4609 4612 4615 4618 4621 4624 4627 4630 4633 4636 4639 4642 4645 4648 4651 4656 4657 4658 4659 4662 4665 4668 4671 4674 4677 4680 4683 4686 4689 4692 4695 4698 4701 4704 4707 4710 4713 4716 4719 4722 4725 4729 4731 4734 4736 4738 4740 4742 4744 4746 4749 4752 4755 4758 4761 4764 4767 4770 4773 4776 4779 4782 4786 4787 4788 4791 4794 4797 4800 4803 4806 4809 4812 4815 4818 4821 4824 4827 4830 4833 4836 4839 4842 4845 4848 4851 4854 4858 4860 4863 4865 4867 4869 4871 4873 4875 4878 4881 4884 4887 4890 4893 4896 4899 4902 4905 4908 4911 4915 4916 4917 4920 4923 4926 4929 4932 4935 4938 4941 4944 4947 4950 4953 4956 4959 4962 4965 4968 4971 4974 4977 4980 4983 4987 4989 4992 4994 4996 4998 5000 5002 5004 5007 5010 5013 5016 5019 5022 5025 5028 5031 5034 5037 5040 5044 5045 5046 5049 5052 5055 5058 5061 5064 5067 5070 5073 5076 5079 5082 5085 5088 5091 5094 5097 5100 5103 5106 5109 5112 5117 5118 5119 5120 5123 5126 5129 5132 5135 5138 5141 5144 5147 5150 5153 5156 5159 5162 5165 5168 5171 5174 5177 5180 5183 5186 5190 5192 5195 5197 5199 5201 5203 5205 5207 5210 5213 5216 5219 5222 5225 5228 5231 5234 5237 5240 5243 5247 5248 5249 5252 5255 5258 5261 5264 5267 5270 5273 5276 5279 5282 5285 5288 5291 5294 5297 5300 5303 5306 5309 5312 5315 5319 5321 5323 5326 5327 5329 5332 5334 5336 5339 5342 5344 5345 5349 5352 5355 5357 5358 5362 5365 5368 5370 5374 5377 5380 5383 5385 5389 5393 5395 5398 5400 5402 5404 5406 5408 5410 5413 5416 5419 5422 5425 5428 5431 5434 5437 5440 5443 5446 5450 5451 5452 5455 5458 5461 5464 5467 5470 5473 5476 5479 5482 5485 5488 5491 5494 5497 5500 5503 5506 5509 5512 5515 5518 5523 5524 5525 5526 5529 5532 5535 5538 5541 5544 5547 5550 5553 5556 5559 5562 5565 5568 5571 5574 5577 5580 5583 5586 5589 5592 5596 5598 5601 5603 5605 5607 5609 5611 5613 5616 5619 5622 5625 5628 5631 5634 5637 5640 5643 5646 5649 5653 5654 5655 5658 5661 5664 5667 5670 5673 5676 5679 5682 5685 5688 5691 5694 5697 5700 5703 5706 5709 5712 5715 5718 5721 5725 5727 5729 5732 5733 5735 5738 5740 5742 5745 5748 5750 5751 5755 5758 5761 5763 5764 5768 5771 5774 5776 5780 5783 5786 5789 5791 5795 5799 5801 5804 5806 5808 5810 5812 5814 5816 5819 5822 5825 5828 5831 5834 5837 5840 5843 5846 5849 5852 5856 5857 5858 5861 5864 5867 5870 5873 5876 5879 5882 5885 5888 5891 5894 5897 5900 5903 5906 5909 5912 5915 5918 5921 5924 5928 5930 5932 5935 5936 5938 5941 5943 5945 5948 5951 5953 5954 5958 5961 5964 5966 5967 5971 5974 5977 5979 5983 5986 5989 5992 5994 5998 6002 6004 6006 6009 6010 6012 6015 6017 6019 6022 6025 6027 6028 6032 6035 6038 6040 6041 6045 6048 6051 6053 6057 6060 6063 6066 6068 6072 6076 6078 6081 6083 6085 6087 6089 6091 6093 6096 6099 6102 6105 6108 6111 6114 6117 6120 6123 6126 6129 6133 6134 6135 6138 6141 6144 6147 6150 6153 6156 6159 6162 6165 6168 6171 6174 6177 6180 6183 6186 6189 6192 6195 6198 6201 6205 6207 6210 6212 6214 6216 6218 6220 6222 6225 6228 6231 6234 6237 6240 6243 6246 6249 6252 6255 6258 6262 6263 6264 6267 6270 6273 6276 6279 6282 6285 6288 6291 6294 6297 6300 6303 6306 6309 6312 6315 6318 6321 6324 6327 6330 6335 6336 6337 6338 6341 6344 6347 6350 6353 6356 6359 6362 6365 6368 6371 6374 6377 6380 6383 6386 6389 6392 6395 6398 6401 6404 6408 6410 6412 6415 6416 6418 6421 6423 6425 6428 6431 6433 6434 6438 6441 6444 6446 6447 6451 6454 6457 6459 6463 6466 6469 6472 6474 6478 6482 6484 6486 6489 6490 6492 6495 6497 6499 6502 6505 6507 6508 6512 6515 6518 6520 6521 6525 6528 6531 6533 6537 6540 6543 6546 6548 6552 6556 6558 6561 6563 6565 6567 6569 6571 6573 6576 6579 6582 6585 6588 6591 6594 6597 6600 6603 6606 6609 6613 6614 6615 6618 6621 6624 6627 6630 6633 6636 6639 6642 6645 6648 6651 6654 6657 6660 6663 6666 6669 6672 6675 6678 6681 6686 6687 6688 6689 6692 6695 6698 6701 6704 6707 6710 6713 6716 6719 6722 6725 6728 6731 6734 6737 6740 6743 6746 6749 6752 6755 6759 6761 6763 6766 6767 6769 6772 6774 6776 6779 6782 6784 6785 6789 6792 6795 6797 6798 6802 6805 6808 6810 6814 6817 6820 6823 6825 6829 6833 6835 6837 6840 6841 6843 6846 6848 6850 6853 6856 6858 6859 6863 6866 6869 6871 6872 6876 6879 6882 6884 6888 6891 6894 6897 6899 6903 6907 6909 6912 6914 6916 6918 6920 6922 6924 6927 6930 6933 6936 6939 6942 6945 6948 6951 6954 6957 6960 6964 6965 6966 6969 6972 6975 6978 6981 6984 6987 6990 6993 6996 6999 7002 7005 7008 7011 7014 7017 7020 7023 7026 7029 7032 7037 7038 7039 7040 7043 7046 7049 7052 7055 7058 7061 7064 7067 7070 7073 7076 7079 7082 7085 7088 7091 7094 7097 7100 7103 7106 7110 7112 7114 7117 7118 7120 7123 7125 7127 7130 7133 7135 7136 7140 7143 7146 7148 7149 7153 7156 7159 7161 7165 7168 7171 7174 7176 7180 7185 7186 7187 7188 7191 7194 7197 7200 7203 7206 7209 7212 7215 7218 7221 7224 7227 7230 7233 7236 7239 7242 7245 7248 7251 7254 7258 7260 7262 7265 7266 7268 7271 7273 7275 7278 7281 7283 7284 7288 7291 7294 7296 7297 7301 7304 7307 7309 7313 7316 7319 7322 7324 7328 7332 7334 7336 7339 7340 7342 7345 7347 7349 7352 7355 7357 7358 7362 7365 7368 7370 7371 7375 7378 7381 7383 7387 7390 7393 7396 7398 7402 7407 7408 7409 7410 7413 7416 7419 7422 7425 7428 7431 7434 7437 7440 7443 7446 7449 7452 7455 7458 7461 7464 7467 7470 7473 7476 7481 7482 7483 7484 7487 7490 7493 7496 7499 7502 7505 7508 7511 7514 7517 7520 7523 7526 7529 7532 7535 7538 7541 7544 7547 7550 7554 7556 7559 7561 7563 7565 7567 7569 7571 7574 7577 7580 7583 7586 7589 7592 7595 7598 7601 7604 7607 7611 7612 7613 7616 7619 7622 7625 7628 7631 7634 7637 7640 7643 7646 7649 7652 7655 7658 7661 7664 7667 7670 7673 7676 7679 7684 7685 7686 7687 7690 7693 7696 7699 7702 7705 7708 7711 7714 7717 7720 7723 7726 7729 7732 7735 7738 7741 7744 7747 7750 7753 7758 7759 7760 7761 7764 7767 7770 7773 7776 7779 7782 7785 7788 7791 7794 7797 7800 7803 7806 7809 7812 7815 7818 7821 7824 7827 7832 7833 7834 7835 7838 7841 7844 7847 7850 7853 7856 7859 7862 7865 7868 7871 7874 7877 7880 7883 7886 7889 7892 7895 7898 7901 7906 7907 7908 7909 7912 7915 7918 7921 7924 7927 7930 7933 7936 7939 7942 7945 7948 7951 7954 7957 7960 7963 7966 7969 7972 7975 7979 7981 7983 7986 7987 7989 7992 7994 7996 7999 8002 8004 8005 8009 8012 8015 8017 8018 8022 8025 8028 8030 8034 8037 8040 8043 8045 8049 8053 8055 8057 8060 8061 8063 8066 8068 8070 8073 8076 8078 8079 8083 8086 8089 8091 8092 8096 8099 8102 8104 8108 8111 8114 8117 8119 8123 8128 8129 8130 8131 8134 8137 8140 8143 8146 8149 8152 8155 8158 8161 8164 8167 8170 8173 8176 8179 8182 8185 8188 8191 8194 8197 8201 8203 8206 8208 8210 8212 8214 8216 8218 8221 8224 8227 8230 8233 8236 8239 8242 8245 8248 8251 8254 8258 8259 8260 8263 8266 8269 8272 8275 8278 8281 8284 8287 8290 8293 8296 8299 8302 8305 8308 8311 8314 8317 8320 8323 8326 8331 8332 8333 8334 8337 8340 8343 8346 8349 8352 8355 8358 8361 8364 8367 8370 8373 8376 8379 8382 8385 8388 8391 8394 8397 8400 8404 8406 8408 8411 8412 8414 8417 8419 8421 8424 8427 8429 8430 8434 8437 8440 8442 8443 8447 8450 8453 8455 8459 8462 8465 8468 8470 8474 8478 8480 8483 8485 8487 8489 8491 8493 8495 8498 8501 8504 8507 8510 8513 8516 8519 8522 8525 8528 8531 8535 8536 8537 8540 8543 8546 8549 8552 8555 8558 8561 8564 8567 8570 8573 8576 8579 8582 8585 8588 8591 8594 8597 8600 8603 8607 8609 8612 8614 8616 8618 8620 8622 8624 8627 8630 8633 8636 8639 8642 8645 8648 8651 8654 8657 8660 8664 8665 8666 8669 8672 8675 8678 8681 8684 8687 8690 8693 8696 8699 8702 8705 8708 8711 8714 8717 8720 8723 8726 8729 8732 8736 8738 8741 8743 8745 8747 8749 8751 8753 8756 8759 8762 8765 8768 8771 8774 8777 8780 8783 8786 8789 8793 8794 8795 8798 8801 8804 8807 8810 8813 8816 8819 8822 8825 8828 8831 8834 8837 8840 8843 8846 8849 8852 8855 8858 8861 8866 8867 8868 8869 8872 8875 8878 8881 8884 8887 8890 8893 8896 8899 8902 8905 8908 8911 8914 8917 8920 8923 8926 8929 8932 8935 8939 8941 8944 8946 8948 8950 8952 8954 8956 8959 8962 8965 8968 8971 8974 8977 8980 8983 8986 8989 8992 8996 8997 8998 9001 9004 9007 9010 9013 9016 9019 9022 9025 9028 9031 9034 9037 9040 9043 9046 9049 9052 9055 9058 9061 9064 9069 9070 9071 9072 9075 9078 9081 9084 9087 9090 9093 9096 9099 9102 9105 9108 9111 9114 9117 9120 9123 9126 9129 9132 9135 9138 9142 9144 9147 9149 9151 9153 9155 9157 9159 9162 9165 9168 9171 9174 9177 9180 9183 9186 9189 9192 9195 9199 9200 9201 9204 9207 9210 9213 9216 9219 9222 9225 9228 9231 9234 9237 9240 9243 9246 9249 9252 9255 9258 9261 9264 9267 9272 9273 9274 9275 9278 9281 9284 9287 9290 9293 9296 9299 9302 9305 9308 9311 9314 9317 9320 9323 9326 9329 9332 9335 9338 9341 9345 9347 9350 9352 9354 9356 9358 9360 9362 9365 9368 9371 9374 9377 9380 9383 9386 9389 9392 9395 9398 9402 9403 9404 9407 9410 9413 9416 9419 9422 9425 9428 9431 9434 9437 9440 9443 9446 9449 9452 9455 9458 9461 9464 9467 9470 9475 9476 9477 9478 9481 9484 9487 9490 9493 9496 9499 9502 9505 9508 9511 9514 9517 9520 9523 9526 9529 9532 9535 9538 9541 9544 9549 9550 9551 9552 9555 9558 9561 9564 9567 9570 9573 9576 9579 9582 9585 9588 9591 9594 9597 9600 9603 9606 9609 9612 9615 9618 9622 9624 9626 9629 9630 9632 9635 9637 9639 9642 9645 9647 9648 9652 9655 9658 9660 9661 9665 9668 9671 9673 9677 9680 9683 9686 9688 9692 9696 9698 9700 9703 9704 9706 9709 9711 9713 9716 9719 9721 9722 9726 9729 9732 9734 9735 9739 9742 9745 9747 9751 9754 9757 9760 9762 9766 9771 9772 9773 9774 9777 9780 9783 9786 9789 9792 9795 9798 9801 9804 9807 9810 9813 9816 9819 9822 9825 9828 9831 9834 9837 9840 9845 9846 9847 9848 9851 9854 9857 9860 9863 9866 9869 9872 9875 9878 9881 9884 9887 9890 9893 9896 9899 9902 9905 9908 9911 9914 9918 9920 9922 9925 9926 9928 9931 9933 9935 9938 9941 9943 9944 9948 9951 9954 9956 9957 9961 9964 9967 9969 9973 9976 9979 9982 9984 9988 9992 9994 9996 9999 10000 10002 10005 10007 10009 10012 10015 10017 10018 10022 10025 10028 10030 10031 10035 10038 10041 10043 10047 10050 10053 10056 10058 10062 10066 10068 10071 10073 10075 10077 10079 10081 10083 10086 10089 10092 10095 10098 10101 10104 10107 10110 10113 10116 10119 10123 10124 10125 10128 10131 10134 10137 10140 10143 10146 10149 10152 10155 10158 10161 10164 10167 10170 10173 10176 10179 10182 10185 10188 10191 10195 10197 10200 10202 10204 10206 10208 10210 10212 10215 10218 10221 10224 10227 10230 10233 10236 10239 10242 10245 10248 10252 10253 10254 10257 10260 10263 10266 10269 10272 10275 10278 10281 10284 10287 10290 10293 10296 10299 10302 10305 10308 10311 10314 10317 10320 10325 10326 10327 10328 10331 10334 10337 10340 10343 10346 10349 10352 10355 10358 10361 10364 10367 10370 10373 10376 10379 10382 10385 10388 10391 10394 10398 10400 10402 10405 10406 10408 10411 10413 10415 10418 10421 10423 10424 10428 10431 10434 10436 10437 10441 10444 10447 10449 10453 10456 10459 10462 10464 10468 10472 10474 10476 10479 10480 10482 10485 10487 10489 10492 10495 10497 10498 10502 10505 10508 10510 10511 10515 10518 10521 10523 10527 10530 10533 10536 10538 10542 10546 10548 10551 10553 10555 10557 10559 10561 10563 10566 10569 10572 10575 10578 10581 10584 10587 10590 10593 10596 10599 10603 10604 10605 10608 10611 10614 10617 10620 10623 10626 10629 10632 10635 10638 10641 10644 10647 10650 10653 10656 10659 10662 10665 10668 10671 10676 10677 10678 10679 10682 10685 10688 10691 10694 10697 10700 10703 10706 10709 10712 10715 10718 10721 10724 10727 10730 10733 10736 10739 10742 10745 10749 10751 10753 10756 10757 10759 10762 10764 10766 10769 10772 10774 10775 10779 10782 10785 10787 10788 10792 10795 10798 10800 10804 10807 10810 10813 10815 10819 10823 10825 10828 10830 10832 10834 10836 10838 10840 10843 10846 10849 10852 10855 10858 10861 10864 10867 10870 10873 10876 10880 10881 10882 10885 10888 10891 10894 10897 10900 10903 10906 10909 10912 10915 10918 10921 10924 10927 10930 10933 10936 10939 10942 10945 10948 10952 10954 10957 10959 10961 10963 10965 10967 10969 10972 10975 10978 10981 10984 10987 10990 10993 10996 10999 11002 11005 11009 11010 11011 11014 11017 11020 11023 11026 11029 11032 11035 11038 11041 11044 11047 11050 11053 11056 11059 11062 11065 11068 11071 11074 11077 11081 11083 11085 11088 11089 11091 11094 11096 11098 11101 11104 11106 11107 11111 11114 11117 11119 11120 11124 11127 11130 11132 11136 11139 11142 11145 11147 11151 11155 11157 11159 11162 11163 11165 11168 11170 11172 11175 11178 11180 11181 11185 11188 11191 11193 11194 11198 11201 11204 11206 11210 11213 11216 11219 11221 11225 11229 11231 11233 11236 11237 11239 11242 11244 11246 11249 11252 11254 11255 11259 11262 11265 11267 11268 11272 11275 11278 11280 11284 11287 11290 11293 11295 11299 11304 11305 11306 11307 11310 11313 11316 11319 11322 11325 11328 11331 11334 11337 11340 11343 11346 11349 11352 11355 11358 11361 11364 11367 11370 11373 11377 11379 11382 11384 11386 11388 11390 11392 11394 11397 11400 11403 11406 11409 11412 11415 11418 11421 11424 11427 11430 11434 11435 11436 11439 11442 11445 11448 11451 11454 11457 11460 11463 11466 11469 11472 11475 11478 11481 11484 11487 11490 11493 11496 11499 11502 11506 11508 11511 11513 11515 11517 11519 11521 11523 11526 11529 11532 11535 11538 11541 11544 11547 11550 11553 11556 11559 11563 11564 11565 11568 11571 11574 11577 11580 11583 11586 11589 11592 11595 11598 11601 11604 11607 11610 11613 11616 11619 11622 11625 11628 11631 11636 11637 11638 11639 11642 11645 11648 11651 11654 11657 11660 11663 11666 11669 11672 11675 11678 11681 11684 11687 11690 11693 11696 11699 11702 11705 11710 11711 11712 11713 11716 11719 11722 11725 11728 11731 11734 11737 11740 11743 11746 11749 11752 11755 11758 11761 11764 11767 11770 11773 11776 11779 11783 11785 11788 11790 11792 11794 11796 11798 11800 11803 11806 11809 11812 11815 11818 11821 11824 11827 11830 11833 11836 11840 11841 11842 11845 11848 11851 11854 11857 11860 11863 11866 11869 11872 11875 11878 11881 11884 11887 11890 11893 11896 11899 11902 11905 11908 11913 11914 11915 11916 11919 11922 11925 11928 11931 11934 11937 11940 11943 11946 11949 11952 11955 11958 11961 11964 11967 11970 11973 11976 11979 11982 11986 11988 11990 11993 11994 11996 11999 12001 12003 12006 12009 12011 12012 12016 12019 12022 12024 12025 12029 12032 12035 12037 12041 12044 12047 12050 12052 12056 12060 12062 12065 12067 12069 12071 12073 12075 12077 12080 12083 12086 12089 12092 12095 12098 12101 12104 12107 12110 12113 12117 12118 12119 12122 12125 12128 12131 12134 12137 12140 12143 12146 12149 12152 12155 12158 12161 12164 12167 12170 12173 12176 12179 12182 12185 12190 12191 12192 12193 12196 12199 12202 12205 12208 12211 12214 12217 12220 12223 12226 12229 12232 12235 12238 12241 12244 12247 12250 12253 12256 12259 12263 12265 12267 12270 12271 12273 12276 12278 12280 12283 12286 12288 12289 12293 12296 12299 12301 12302 12306 12309 12312 12314 12318 12321 12324 12327 12329 12333 12337 12339 12342 12344 12346 12348 12350 12352 12354 12357 12360 12363 12366 12369 12372 12375 12378 12381 12384 12387 12390 12394 12395 12396 12399 12402 12405 12408 12411 12414 12417 12420 12423 12426 12429 12432 12435 12438 12441 12444 12447 12450 12453 12456 12459 12462 12466 12468 12470 12473 12474 12476 12479 12481 12483 12486 12489 12491 12492 12496 12499 12502 12504 12505 12509 12512 12515 12517 12521 12524 12527 12530 12532 12536 12541 12542 12543 12544 12547 12550 12553 12556 12559 12562 12565 12568 12571 12574 12577 12580 12583 12586 12589 12592 12595 12598 12601 12604 12607 12610 12614 12616 12618 12621 12622 12624 12627 12629 12631 12634 12637 12639 12640 12644 12647 12650 12652 12653 12657 12660 12663 12665 12669 12672 12675 12678 12680 12684 12689 12690 12691 12692 12695 12698 12701 12704 12707 12710 12713 12716 12719 12722 12725 12728 12731 12734 12737 12740 12743 12746 12749 12752 12755 12758 12763 12764 12765 12766 12769 12772 12775 12778 12781 12784 12787 12790 12793 12796 12799 12802 12805 12808 12811 12814 12817 12820 12823 12826 12829 12832 12836 12838 12841 12843 12845 12847 12849 12851 12853 12856 12859 12862 12865 12868 12871 12874 12877 12880 12883 12886 12889 12893 12894 12895 12898 12901 12904 12907 12910 12913 12916 12919 12922 12925 12928 12931 12934 12937 12940 12943 12946 12949 12952 12955 12958 12961 12966 12967 12968 12969 12972 12975 12978 12981 12984 12987 12990 12993 12996 12999 13002 13005 13008 13011 13014 13017 13020 13023 13026 13029 13032 13035 13039 13041 13044 13046 13048 13050 13052 13054 13056 13059 13062 13065 13068 13071 13074 13077 13080 13083 13086 13089 13092 13096 13097 13098 13101 13104 13107 13110 13113 13116 13119 13122 13125 13128 13131 13134 13137 13140 13143 13146 13149 13152 13155 13158 13161 13164 13168 13170 13172 13175 13176 13178 13181 13183 13185 13188 13191 13193 13194 13198 13201 13204 13206 13207 13211 13214 13217 13219 13223 13226 13229 13232 13234 13238 13242 13244 13247 13249 13251 13253 13255 13257 13259 13262 13265 13268 13271 13274 13277 13280 13283 13286 13289 13292 13295 13299 13300 13301 13304 13307 13310 13313 13316 13319 13322 13325 13328 13331 13334 13337 13340 13343 13346 13349 13352 13355 13358 13361 13364 13367 13371 13373 13376 13378 13380 13382 13384 13386 13388 13391 13394 13397 13400 13403 13406 13409 13412 13415 13418 13421 13424 13428 13429 13430 13433 13436 13439 13442 13445 13448 13451 13454 13457 13460 13463 13466 13469 13472 13475 13478 13481 13484 13487 13490 13493 13496 13500 13502 13504 13507 13508 13510 13513 13515 13517 13520 13523 13525 13526 13530 13533 13536 13538 13539 13543 13546 13549 13551 13555 13558 13561 13564 13566 13570 13574 13576 13579 13581 13583 13585 13587 13589 13591 13594 13597 13600 13603 13606 13609 13612 13615 13618 13621 13624 13627 13631 13632 13633 13636 13639 13642 13645 13648 13651 13654 13657 13660 13663 13666 13669 13672 13675 13678 13681 13684 13687 13690 13693 13696 13699 13703 13705 13707 13710 13711 13713 13716 13718 13720 13723 13726 13728 13729 13733 13736 13739 13741 13742 13746 13749 13752 13754 13758 13761 13764 13767 13769 13773 13777 13779 13781 13784 13785 13787 13790 13792 13794 13797 13800 13802 13803 13807 13810 13813 13815 13816 13820 13823 13826 13828 13832 13835 13838 13841 13843 13847 13851 13853 13855 13858 13859 13861 13864 13866 13868 13871 13874 13876 13877 13881 13884 13887 13889 13890 13894 13897 13900 13902 13906 13909 13912 13915 13917 13921 13925 13927 13929 13932 13933 13935 13938 13940 13942 13945 13948 13950 13951 13955 13958 13961 13963 13964 13968 13971 13974 13976 13980 13983 13986 13989 13991 13995 13999 14001 14004 14006 14008 14010 14012 14014 14016 14019 14022 14025 14028 14031 14034 14037 14040 14043 14046 14049 14052 14056 14057 14058 14061 14064 14067 14070 14073 14076 14079 14082 14085 14088 14091 14094 14097 14100 14103 14106 14109 14112 14115 14118 14121 14124 14129 14130 14131 14132 14135 14138 14141 14144 14147 14150 14153 14156 14159 14162 14165 14168 14171 14174 14177 14180 14183 14186 14189 14192 14195 14198 14202 14204 14207 14209 14211 14213 14215 14217 14219 14222 14225 14228 14231 14234 14237 14240 14243 14246 14249 14252 14255 14259 14260 14261 14264 14267 14270 14273 14276 14279 14282 14285 14288 14291 14294 14297 14300 14303 14306 14309 14312 14315 14318 14321 14324 14327 14331 14333 14336 14338 14340 14342 14344 14346 14348 14351 14354 14357 14360 14363 14366 14369 14372 14375 14378 14381 14384 14388 14389 14390 14393 14396 14399 14402 14405 14408 14411 14414 14417 14420 14423 14426 14429 14432 14435 14438 14441 14444 14447 14450 14453 14456 14461 14462 14463 14464 14467 14470 14473 14476 14479 14482 14485 14488 14491 14494 14497 14500 14503 14506 14509 14512 14515 14518 14521 14524 14527 14530 14534 14536 14538 14541 14542 14544 14547 14549 14551 14554 14557 14559 14560 14564 14567 14570 14572 14573 14577 14580 14583 14585 14589 14592 14595 14598 14600 14604 14609 14610 14611 14612 14615 14618 14621 14624 14627 14630 14633 14636 14639 14642 14645 14648 14651 14654 14657 14660 14663 14666 14669 14672 14675 14678 14682 14684 14687 14689 14691 14693 14695 14697 14699 14702 14705 14708 14711 14714 14717 14720 14723 14726 14729 14732 14735 14739 14740 14741 14744 14747 14750 14753 14756 14759 14762 14765 14768 14771 14774 14777 14780 14783 14786 14789 14792 14795 14798 14801 14804 14807 14811 14813 14815 14818 14819 14821 14824 14826 14828 14831 14834 14836 14837 14841 14844 14847 14849 14850 14854 14857 14860 14862 14866 14869 14872 14875 14877 14881 14885 14887 14889 14892 14893 14895 14898 14900 14902 14905 14908 14910 14911 14915 14918 14921 14923 14924 14928 14931 14934 14936 14940 14943 14946 14949 14951 14955 14959 14961 14963 14966 14967 14969 14972 14974 14976 14979 14982 14984 14985 14989 14992 14995 14997 14998 15002 15005 15008 15010 15014 15017 15020 15023 15025 15029 15034 15035 15036 15037 15040 15043 15046 15049 15052 15055 15058 15061 15064 15067 15070 15073 15076 15079 15082 15085 15088 15091 15094 15097 15100 15103 15107 15109 15112 15114 15116 15118 15120 15122 15124 15127 15130 15133 15136 15139 15142 15145 15148 15151 15154 15157 15160 15164 15165 15166 15169 15172 15175 15178 15181 15184 15187 15190 15193 15196 15199 15202 15205 15208 15211 15214 15217 15220 15223 15226 15229 15232 15237 15238 15239 15240 15243 15246 15249 15252 15255 15258 15261 15264 15267 15270 15273 15276 15279 15282 15285 15288 15291 15294 15297 15300 15303 15306 15310 15312 15314 15317 15318 15320 15323 15325 15327 15330 15333 15335 15336 15340 15343 15346 15348 15349 15353 15356 15359 15361 15365 15368 15371 15374 15376 15380 15385 15386 15387 15388 15391 15394 15397 15400 15403 15406 15409 15412 15415 15418 15421 15424 15427 15430 15433 15436 15439 15442 15445 15448 15451 15454 15458 15460 15463 15465 15467 15469 15471 15473 15475 15478 15481 15484 15487 15490 15493 15496 15499 15502 15505 15508 15511 15515 15516 15517 15520 15523 15526 15529 15532 15535 15538 15541 15544 15547 15550 15553 15556 15559 15562 15565 15568 15571 15574 15577 15580 15583 15588 15589 15590 15591 15594 15597 15600 15603 15606 15609 15612 15615 15618 15621 15624 15627 15630 15633 15636 15639 15642 15645 15648 15651 15654 15657 15661 15663 15665 15668 15669 15671 15674 15676 15678 15681 15684 15686 15687 15691 15694 15697 15699 15700 15704 15707 15710 15712 15716 15719 15722 15725 15727 15731 15735 15737 15740 15742 15744 15746 15748 15750 15752 15755 15758 15761 15764 15767 15770 15773 15776 15779 15782 15785 15788 15792 15793 15794 15797 15800 15803 15806 15809 15812 15815 15818 15821 15824 15827 15830 15833 15836 15839 15842 15845 15848 15851 15854 15857 15860 15865 15866 15867 15868 15871 15874 15877 15880 15883 15886 15889 15892 15895 15898 15901 15904 15907 15910 15913 15916 15919 15922 15925 15928 15931 15934 15939 15940 15941 15942 15945 15948 15951 15954 15957 15960 15963 15966 15969 15972 15975 15978 15981 15984 15987 15990 15993 15996 15999 16002 16005 16008 16012 16014 16017 16019 16021 16023 16025 16027 16029 16032 16035 16038 16041 16044 16047 16050 16053 16056 16059 16062 16065 16069 16070 16071 16074 16077 16080 16083 16086 16089 16092 16095 16098 16101 16104 16107 16110 16113 16116 16119 16122 16125 16128 16131 16134 16137 16142 16143 16144 16145 16148 16151 16154 16157 16160 16163 16166 16169 16172 16175 16178 16181 16184 16187 16190 16193 16196 16199 16202 16205 16208 16211 16215 16217 16220 16222 16224 16226 16228 16230 16232 16235 16238 16241 16244 16247 16250 16253 16256 16259 16262 16265 16268 16272 16273 16274 16277 16280 16283 16286 16289 16292 16295 16298 16301 16304 16307 16310 16313 16316 16319 16322 16325 16328 16331 16334 16337 16340 16344 16346 16349 16351 16353 16355 16357 16359 16361 16364 16367 16370 16373 16376 16379 16382 16385 16388 16391 16394 16397 16401 16402 16403 16406 16409 16412 16415 16418 16421 16424 16427 16430 16433 16436 16439 16442 16445 16448 16451 16454 16457 16460 16463 16466 16469 16474 16475 16476 16477 16480 16483 16486 16489 16492 16495 16498 16501 16504 16507 16510 16513 16516 16519 16522 16525 16528 16531 16534 16537 16540 16543 16547 16549 16552 16554 16556 16558 16560 16562 16564 16567 16570 16573 16576 16579 16582 16585 16588 16591 16594 16597 16600 16604 16605 16606 16609 16612 16615 16618 16621 16624 16627 16630 16633 16636 16639 16642 16645 16648 16651 16654 16657 16660 16663 16666 16669 16672 16676 16678 16681 16683 16685 16687 16689 16691 16693 16696 16699 16702 16705 16708 16711 16714 16717 16720 16723 16726 16729 16733 16734 16735 16738 16741 16744 16747 16750 16753 16756 16759 16762 16765 16768 16771 16774 16777 16780 16783 16786 16789 16792 16795 16798 16801 16805 16807 16809 16812 16813 16815 16818 16820 16822 16825 16828 16830 16831 16835 16838 16841 16843 16844 16848 16851 16854 16856 16860 16863 16866 16869 16871 16875 16880 16881 16882 16883 16886 16889 16892 16895 16898 16901 16904 16907 16910 16913 16916 16919 16922 16925 16928 16931 16934 16937 16940 16943 16946 16949 16953 16955 16958 16960 16962 16964 16966 16968 16970 16973 16976 16979 16982 16985 16988 16991 16994 16997 17000 17003 17006 17010 17011 17012 17015 17018 17021 17024 17027 17030 17033 17036 17039 17042 17045 17048 17051 17054 17057 17060 17063 17066 17069 17072 17075 17078 17082 17084 17087 17089 17091 17093 17095 17097 17099 17102 17105 17108 17111 17114 17117 17120 17123 17126 17129 17132 17135 17139 17140 17141 17144 17147 17150 17153 17156 17159 17162 17165 17168 17171 17174 17177 17180 17183 17186 17189 17192 17195 17198 17201 17204 17207 17211 17213 17216 17218 17220 17222 17224 17226 17228 17231 17234 17237 17240 17243 17246 17249 17252 17255 17258 17261 17264 17268 17269 17270 17273 17276 17279 17282 17285 17288 17291 17294 17297 17300 17303 17306 17309 17312 17315 17318 17321 17324 17327 17330 17333 17336 17341 17342 17343 17344 17347 17350 17353 17356 17359 17362 17365 17368 17371 17374 17377 17380 17383 17386 17389 17392 17395 17398 17401 17404 17407 17410 17414 17416 17418 17421 17422 17424 17427 17429 17431 17434 17437 17439 17440 17444 17447 17450 17452 17453 17457 17460 17463 17465 17469 17472 17475 17478 17480 17484 17488 17490 17492 17495 17496 17498 17501 17503 17505 17508 17511 17513 17514 17518 17521 17524 17526 17527 17531 17534 17537 17539 17543 17546 17549 17552 17554 17558 17562 17564 17566 17569 17570 17572 17575 17577 17579 17582 17585 17587 17588 17592 17595 17598 17600 17601 17605 17608 17611 17613 17617 17620 17623 17626 17628 17632 17636 17638 17640 17643 17644 17646 17649 17651 17653 17656 17659 17661 17662 17666 17669 17672 17674 17675 17679 17682 17685 17687 17691 17694 17697 17700 17702 17706 17710 17712 17715 17717 17719 17721 17723 17725 17727 17730 17733 17736 17739 17742 17745 17748 17751 17754 17757 17760 17763 17767 17768 17769 17772 17775 17778 17781 17784 17787 17790 17793 17796 17799 17802 17805 17808 17811 17814 17817 17820 17823 17826 17829 17832 17835 17840 17841 17842 17843 17846 17849 17852 17855 17858 17861 17864 17867 17870 17873 17876 17879 17882 17885 17888 17891 17894 17897 17900 17903 17906 17909 17914 17915 17916 17917 17920 17923 17926 17929 17932 17935 17938 17941 17944 17947 17950 17953 17956 17959 17962 17965 17968 17971 17974 17977 17980 17983 17987 17989 17992 17994 17996 17998 18000 18002 18004 18007 18010 18013 18016 18019 18022 18025 18028 18031 18034 18037 18040 18044 18045 18046 18049 18052 18055 18058 18061 18064 18067 18070 18073 18076 18079 18082 18085 18088 18091 18094 18097 18100 18103 18106 18109 18112 18117 18118 18119 18120 18123 18126 18129 18132 18135 18138 18141 18144 18147 18150 18153 18156 18159 18162 18165 18168 18171 18174 18177 18180 18183 18186 18190 18192 18195 18197 18199 18201 18203 18205 18207 18210 18213 18216 18219 18222 18225 18228 18231 18234 18237 18240 18243 18247 18248 18249 18252 18255 18258 18261 18264 18267 18270 18273 18276 18279 18282 18285 18288 18291 18294 18297 18300 18303 18306 18309 18312 18315 18319 18321 18323 18326 18327 18329 18332 18334 18336 18339 18342 18344 18345 18349 18352 18355 18357 18358 18362 18365 18368 18370 18374 18377 18380 18383 18385 18389 18394 18395 18396 18397 18400 18403 18406 18409 18412 18415 18418 18421 18424 18427 18430 18433 18436 18439 18442 18445 18448 18451 18454 18457 18460 18463 18467 18469 18471 18474 18475 18477 18480 18482 18484 18487 18490 18492 18493 18497 18500 18503 18505 18506 18510 18513 18516 18518 18522 18525 18528 18531 18533 18537 }
     }
   }
  upperboundary 45.0
  lowerboundary -45.0
}

harmonicWalls {
  name mywalls
  colvars distz
  lowerWalls -45.0
  upperWalls 45.0
  lowerWallConstant 5.0
  upperWallConstant 5.0
}

metadynamics {
  name     water_MetaD # Run name
  colvars  distz # List the name of the CVs
  hillWeight              0.1  # The height of the Gaussian hills
  newHillFrequency        500  # The frequency of hills deposition
  writeHillsTrajectory    on
  hillwidth               2.0
  wellTempered            on
  biasTemperature         5804.5  #biasfactor 20
  keepFreeEnergyFiles     on
  outputFreq              1000000
}

